,LotArea,OverallCond,YearBuilt,YearRemodAdd,MasVnrArea,ExterCond,BsmtCond,BsmtExposure,BsmtFinType1,BsmtFinType2,BsmtUnfSF,TotalBsmtSF,HeatingQC,GrLivArea,BedroomAbvGr,KitchenAbvGr,TotRmsAbvGrd,Fireplaces,GarageCars,WoodDeckSF,OpenPorchSF,EnclosedPorch,ScreenPorch,MiscVal,MoSold,YrSold_Garage_Difference,hasPool,hasFence,TotalHalfBath,TotalFullBath,TotalFinSF,AverageQual,MSSubClass_1-Story (Newer),MSSubClass_1-Story (Older),MSSubClass_2-story (Newer),MSSubClass_2-story (Older),MSSubClass_Duplex,MSSubClass_Projects,MSSubClass_Split,MSZoning_Low Density,MSZoning_Medium-High Density,MSZoning_Other,LotShape_IR2,LotShape_IR3,LotShape_Reg,LandContour_HLS,LandContour_Low,LandContour_Lvl,LotConfig_CulDSac,LotConfig_FR2,LotConfig_FR3,LotConfig_Inside,LandSlope_Mod,LandSlope_Sev,Neighborhood_Blueste,Neighborhood_BrDale,Neighborhood_BrkSide,Neighborhood_ClearCr,Neighborhood_CollgCr,Neighborhood_Crawfor,Neighborhood_Edwards,Neighborhood_Gilbert,Neighborhood_IDOTRR,Neighborhood_MeadowV,Neighborhood_Mitchel,Neighborhood_NAmes,Neighborhood_NPkVill,Neighborhood_NWAmes,Neighborhood_NoRidge,Neighborhood_NridgHt,Neighborhood_OldTown,Neighborhood_SWISU,Neighborhood_Sawyer,Neighborhood_SawyerW,Neighborhood_Somerst,Neighborhood_StoneBr,Neighborhood_Timber,Neighborhood_Veenker,Condition1_Near Railroad,Condition1_Near Street,Condition1_Normal,BldgType_2fmCon,BldgType_Duplex,BldgType_Twnhs,BldgType_TwnhsE,HouseStyle_1-story,HouseStyle_2-story,HouseStyle_Split,RoofStyle_Gable,RoofStyle_Gambrel,RoofStyle_Hip,RoofStyle_Mansard,RoofStyle_Shed,RoofMatl_Metal,RoofMatl_Shingle,RoofMatl_Wood,Exterior1st_Concrete,Exterior1st_Ply,Exterior1st_Shingle,Exterior1st_Stone,Exterior1st_Stucco,Exterior1st_Synthetic,Exterior2nd_Concrete,Exterior2nd_Other,Exterior2nd_Ply,Exterior2nd_Shingle,Exterior2nd_Stone,Exterior2nd_Stucco,Exterior2nd_Synthetic,MasVnrType_Stone,Foundation_CBlock,Foundation_PConc,Foundation_Slab,Foundation_Stone,Foundation_Wood,Heating_GasA,Heating_GasW,Heating_Grav,Heating_OthW,Heating_Wall,CentralAir_Y,Electrical_FuseF,Electrical_FuseP,Electrical_Mix,Electrical_None,Electrical_SBrkr,Functional_Maj2,Functional_Min1,Functional_Min2,Functional_Mod,Functional_Sev,Functional_Typ,PavedDrive_P,PavedDrive_Y,SaleType_LowInterest_DownPayment,SaleType_New Home,SaleType_Other,SaleType_Regular Terms,SaleType_Warranty Deed,SaleCondition_AdjLand,SaleCondition_Alloca,SaleCondition_Family,SaleCondition_Normal,SaleCondition_Partial,hasDeck_Yes,hasOpenPorch_Yes,hasEnlosedPorch_Yes,hasX3SsnPorch_Yes,hasScreenPorch_Yes
LotArea,1.0,-0.004045415199810275,-0.00048327395171596845,-0.03418619478709339,0.06054084028219012,0.040306548977828434,0.026359893008321676,0.20146850348601844,0.03593926231967051,0.061989907381740025,0.04523987320892872,0.11843267120124551,0.041779658637000935,0.3715214397626972,0.2787320072843556,0.003069131582044279,0.34844710151277614,0.31836735224755963,0.26804017175585015,0.11678247238012092,0.13022500768261994,-0.012691211317425238,0.09024001621071046,0.08227891403539972,0.015211284188412128,-0.07123408960612153,0.06036074693803436,0.0004437893511673911,0.04663815241112685,0.22060128596863554,0.12590429047242152,0.21641586562210244,0.233063211205303,-0.08314958475689367,0.20387775130524557,0.015053126276380065,0.013476561012413539,-0.5601500313675062,0.054557688247223346,0.4619626791864478,-0.40965879017993806,0.002443624566978682,0.19857586151772533,0.12664122659524943,-0.3127467127239613,0.07336531787130311,0.2498963593614505,-0.1697251401490839,0.2127880906229513,0.00898075812158467,-0.018981651841804486,-0.19388854331404,0.10596851753770446,0.2653844034202934,-0.12534674795767256,-0.3319521745584621,-0.09931962879256882,0.21929957615408957,0.020602074550917525,0.0648466959026541,-0.0160245365459363,0.08045229393134189,-0.04690309407782005,-0.30174494382744715,0.05328328609099435,0.06533759650571258,-0.16500588983513537,0.11177446565283687,0.11659341760485226,0.05063962240415677,-0.09484418920565116,-0.03750015003308616,0.04669232487395655,0.028464986164750714,-0.13731415959316115,-0.013485620310897435,0.16313709103544904,0.0686488374420038,0.06395232064197012,0.013423282319252989,-0.0732667715110177,0.04498293442374374,0.013476561012413539,-0.47281853093505466,-0.4206710469463041,0.07026191875990984,-0.052332334768721615,-0.03150922706927948,-0.17857372437100702,0.002166801688929439,0.14050100762250242,0.02754008367935102,0.06142752107101628,0.03956779768200283,-0.1831931730844559,0.11977836545614194,-0.15225798352497746,0.06763656808675292,-0.04448193657132238,0.03571297085182326,-0.04202260634128491,0.02812492963257545,-0.026221039324915263,0.011504407146977518,0.12793237577646188,-0.02484632999355526,0.02920615067372469,-0.16164658542011123,0.03749846778527467,0.041432945806456185,0.04017799322003382,-0.01160818477409876,-0.011334297910020375,-0.001821936523398772,0.028248331849866724,-0.025929869568458244,0.0620538924528331,-0.021075530773958687,-0.01732468153642092,-0.010370118768525383,0.05649129011227379,-0.026403921942273,-0.02753817440401045,-0.0003165679051817845,0.0038808660402278898,0.03180700076557781,-0.010436244723574208,0.020507247654217884,0.04425690602345317,0.051542889663699104,0.036537097230922036,-0.04181292542717504,0.029235482494113146,0.011991993105548033,-0.0003994398794344705,0.04423716241321966,0.00148918186563965,0.0050835660383201885,-0.027019914751521424,-0.01358081582482472,0.017721990880436477,-0.0035951587190198087,-0.007588220078483774,0.048047122738468714,0.09063699151716956,0.10646066650216024,-0.018773160950053495,0.05533224667763577,0.08675258462247488
OverallCond,-0.004045415199810275,1.0,0.3658119457643603,-0.30883039292309683,-0.15444796212398376,0.38912860209589095,0.13250112660237895,-0.0556124273836638,-0.013572590179689484,0.10149454169926186,-0.03067737891216366,0.009925775158535554,-0.01340765517366259,-0.10074956743216788,0.013248891873174204,-0.08720445773374659,-0.05576634773934184,-0.022277116762906873,-0.1854937578027771,-0.03835867840981382,-0.09974279685574247,0.0921966800934613,0.06133963764195283,0.07912807479901973,-0.00313526238066152,0.23046248118569382,0.0012526894439306943,0.17160051653728337,-0.004062022054650678,-0.18410971748279023,0.06627160727848957,-0.11244358735118956,-0.017727477874452214,0.04503500413740933,-0.10715989082336617,0.19680004026553946,-0.1128793910522119,-0.10891568025601689,0.07958019771274459,-0.06930040103957749,0.15308815384847127,-0.0729034679249353,-0.0023327288025757026,-0.05654793212728006,0.01919611289746818,-0.0027495133775608965,-0.03473099539203099,-0.025166122160386148,0.014641170532210101,-0.021227470312370926,0.00818998736340931,-0.027011145018836225,0.0225317975782919,-0.009776220868444676,0.014113475757901223,-0.013132461544545426,0.10273967552242984,0.012868182257800627,-0.10232835443272162,0.17314279355512294,-0.030698779677255424,-0.09671691168434976,-0.005176107024365431,-0.004570298870869366,-0.03500617308084222,0.08249454125366754,-0.0014646362999610602,0.076123346289244,-0.055287272018707964,-0.12227599720700133,0.20258926104255817,0.0408025820110465,0.04874388301190892,-0.07819111439274835,-0.1217997848352347,-0.0683956011893007,-0.06536669443605238,0.05457017311462256,0.0023259490111996466,0.08111544445836136,-0.08619604104352425,0.02194680359753642,-0.1128793910522119,-0.017407352249935816,-0.13704307326500362,-0.09417651915443309,-0.02529819138109889,0.060950915726570215,-0.005849044795326656,0.08306113575196698,-0.023495708079843736,0.035365906860531815,-0.002539053175246431,-0.019191582108394802,-0.025044853959545123,0.031645870064504415,0.0026153733937423194,0.034536019877047484,-0.0470792005061611,0.03076600469104904,0.18718182482528206,-0.20416135255738202,0.009976304363068567,-0.013565833647673418,0.041172004382283335,-0.04082489448855935,-0.030375908770441936,0.18364942018095626,-0.2021995335034592,-0.1603109220599029,0.19985793974320107,-0.29872920636879763,-0.09605406794899166,0.08224451600258062,0.0036899432263508064,0.06495047717931424,-0.013241057169463548,-0.0537990461939003,-0.019191582108394216,-0.07429257311867404,0.1192315499781722,-0.09398710491224523,0.017291354207535966,-0.08419224767989686,-0.0135658336476735,0.07591276536979509,-0.08309023912772785,-0.003688612397660678,-0.006501898685765767,-0.05279485761733263,-0.013565833647673425,0.08199589381613874,0.06822031000032577,-0.07367848909759078,-0.05406663465418238,-0.15508342286221183,-0.05071570069838243,-0.019191582108394698,0.16914575955924088,-0.03894290434064118,-0.033528346437389625,-0.023976036756231774,0.1600626188747633,-0.1505333732081798,-0.04134591784629184,-0.11278969682096773,0.0954288318846596,0.03957672458857003,0.06413219636855158
YearBuilt,-0.00048327395171596845,0.3658119457643603,1.0,-0.28259137125922495,-0.34294343766751784,0.12703548746105348,-0.18852698493153183,-0.2836157796504118,-0.20418422084408194,0.11793506746938866,-0.20290235189001551,-0.215179762213263,-0.5338879081793753,-0.2899689833102129,0.08337155504166804,0.1554325058786814,-0.17050264558011557,-0.10950419247582587,-0.5578194439611188,-0.27133360003207285,-0.43899922958466775,0.33272341172225267,0.07754733713959347,0.10530718736271585,-0.05140664457385005,0.8053213598798117,0.029125217275209753,0.28962882595404205,-0.13170839600439121,-0.4421580071927791,0.0808785733282631,-0.6512114176015908,-0.09845380474492409,0.2324268257258385,-0.30011495642616554,0.2255947784376901,0.08947516898241223,-0.15263374221629747,0.06360947889223452,-0.10774469322344674,0.2788075471748068,0.0868132699235808,-0.058245561999301844,-0.04362517666295406,0.16586350884561543,-0.09422963334701759,0.05484257809021333,-0.09161982485676712,-0.04359887839121182,-0.046484414832183435,-0.029416578576201655,-0.021464890218545758,0.08318526842438802,0.05976690978473993,0.009302907023719937,0.04508190587974268,0.19834231161675034,0.06078832203764667,-0.2822889279313015,0.14027923213300433,0.12124763329181652,-0.20478504828030358,0.1626764695641075,0.044517514606604594,-0.0003925341501613401,0.26531337033721525,0.026882136101749055,0.07340162809547275,-0.061038980234563694,-0.3762216141394172,0.29767508678483556,0.13779953365138867,0.12755140267281392,-0.03597413663165338,-0.39423295713842416,-0.12563568030640515,-0.11587640928622164,0.008586762137250745,-0.05085849093056054,0.21840550897865013,-0.1738395508726082,0.142690526549516,0.08947516898241223,-0.04362742157696915,-0.23774160742260553,-0.08502327757834642,-0.16011416692174732,0.05970130509158144,0.020107441804545045,0.08703629937678639,-0.06225510115219938,0.04957039638612078,0.011156341219825056,0.022910081050207982,-0.0658442220907331,0.035039115800406306,-0.11628009166670586,0.18123357261287912,0.11177557751319732,0.018622201089083287,0.44691139587945233,-0.625091602665357,0.028850195647511297,-0.04715695730434663,0.20491446166909089,0.11045687104961534,0.046047921513189254,0.38052628754337164,-0.6200827009453055,-0.3690416165265143,0.4995223595482114,-0.7435537527785431,0.07556126620217371,0.07240226340130802,-0.00418518475476175,-0.14792853316657814,0.11131247362921709,0.0707513642171749,0.04705910327593845,0.04217782059532582,-0.26309687018586,0.1256568556845782,0.044179754217686315,0.02840148295060027,-0.039061086296229806,-0.27149757756457893,0.054903887256375704,0.10125393055101432,0.11982032381207673,0.06134025212702938,0.01410247121913296,-0.170242811739016,0.13428277624156207,-0.2937818364216108,0.01710794067331405,-0.6065585303259925,0.008229627510105943,-0.03734380642505843,0.4458415347818385,0.04026791515615281,0.038626516085311695,0.03910770253005972,0.33305513023634636,-0.6009614860376866,-0.27617993486250486,-0.4608213484186254,0.33673884171073454,-0.01886241703784078,0.0805977806881349
YearRemodAdd,-0.03418619478709339,-0.30883039292309683,-0.28259137125922495,1.0,0.1785821248371938,-0.089417217070704,0.026666779339142386,0.09095558481798462,0.15159552365838272,0.010885234866609276,-0.06663334645251644,0.011170861322362504,-0.014127841795930827,-0.06140670448391943,-0.0065757049432557885,-0.0036656001667977516,-0.07144288101519278,-0.058457940659858966,0.14104059747722608,0.056911852524212506,0.04926578613560984,-0.21301125168649737,-0.03388570208107242,-0.022020662747460135,0.012442977507229207,-0.20041381228119448,0.00900862003486361,-0.07864040574764644,0.06994396517216657,0.10217914450284689,0.0947005879719176,0.03125248783328756,0.1581946616458807,-0.2344385866880081,0.09138831073326474,-0.21723543428346165,0.10956232459355063,0.10844029175019543,0.06826821540765042,0.15711067273460733,-0.19643749480193512,-0.07048898591582874,0.012822785656576253,0.04017471960313139,-0.07170748687230824,-0.03147101056129544,0.01026643823797097,0.08641478231596539,0.010099867106619323,0.06537426659457539,-0.0024539651094735515,-0.012406068284501458,-0.03341197929918219,-0.011746914267391212,0.03539443989269042,0.08740551509529303,-0.1993686949375069,-0.016559840226904324,0.13343461458539782,-0.1622404559377229,-0.0564666040458559,0.07075287724822368,-0.14298874578270535,0.07812575553903556,0.06371555970619557,0.10745805233435635,0.07526433672500155,0.08692880657588063,0.005018949643573737,-0.007975852018306648,-0.2525520564760095,-0.13849941464491322,0.03300713760855124,0.06361829800223523,0.08161442728883024,0.041455310357233315,0.000971531113237442,0.0038611420104415622,0.015844682024540823,-0.12135263190193148,0.09075978496512435,-0.06881572132324731,0.10956232459355063,0.07713189882943298,0.124583001122042,0.11563954226922804,0.018511768268738713,0.10569449922974886,-0.03209393326336353,-0.09142398963705935,0.048273696780120695,0.006690454883027355,0.035394439892690276,-0.0017340215509378705,-0.02634745105264205,0.02941234130037466,0.027972951978328865,0.19668494067729822,-0.09215867893733946,-0.001734021550938636,-0.2803783937976809,0.10622733279689424,-0.027470480362807505,-0.027470480362807772,0.17048404836680506,-0.07760864794001661,-0.038004106742060485,-0.24940931692185045,0.11664484214546803,0.18094915024199684,0.09483899043948854,0.12041810034983443,0.026347451052642176,-0.06740457496804275,-0.04761300266287398,0.09142319565523915,-0.04256537131652448,-0.07283038029809927,-0.03886248299456821,-0.028725826869718588,0.1766138064834135,-0.06248872522741131,-0.017287310678121375,-0.027470480362807834,-0.02747048036280751,0.13177343064456415,-0.03800410674206207,-0.07834183752848042,-0.061863947708259315,-0.038816221360424695,-0.027470480362807748,0.12144047891848601,-0.09390313635005762,0.21903131171381424,-0.011434688212626514,0.025991422589221266,0.013038381306631298,0.03539443989269036,-0.0498688543171348,-0.0024539651094730415,0.010947875302635357,-0.005517717660430118,-0.01600865511962174,0.017937980416577813,0.05580667161291084,0.05339304868552202,-0.21950474426753477,-0.027652955384078914,-0.03914795165532344
MasVnrArea,0.06054084028219012,-0.15444796212398376,-0.34294343766751784,0.1785821248371938,1.0,-0.03771709450750754,0.104252912768288,0.18411721943894274,0.22667488052770346,-0.04815777730452789,0.09075412164393165,0.18176385457076613,0.17246609174560462,0.2973028703341044,0.0893976212422791,-0.05962171222516718,0.2273917215020029,0.22008241168669732,0.38605200678067986,0.16014682099186184,0.20387565239032623,-0.18510974969777882,0.039712235737885286,-0.053106808965405115,0.02163730979877152,-0.3098243442204483,-0.003290343131141766,-0.08020872753336214,0.14974547546114717,0.2848557729456324,0.1385683119302426,0.40030818976155885,0.07256996934147528,-0.16529725373503448,0.1539195835142267,-0.1598439100902442,0.019473085526999192,0.062456937710543343,0.045862259284818546,0.15165831132282204,-0.14830371845772958,-0.06698053578775573,-0.02853367744103981,-0.06352135488524356,-0.09235460080069827,0.007189544596995385,-0.04214963149696318,0.0963690605525343,0.04282125273360141,0.03265403131126975,0.030703038616932268,-0.013037942457570739,-0.036085840144168935,-0.028321154507426737,-0.029872086504965048,0.14219535475274028,-0.14415507494586316,-0.028857539098524752,0.06032151516789382,-0.04423680824310491,-0.10047358040766852,-0.08016882773192095,-0.11941049902482403,-0.07682963248045446,-0.03852517272836464,0.03994068043276477,-0.06352135488524309,0.15778501499402367,0.17982945865078956,0.30447245457019106,-0.2055683800400285,-0.09530279335073488,-0.0614647517737522,-0.015274026281788887,0.04775238386939156,0.019696417173220918,0.08670022597889376,-0.05246166559038574,-0.03366582297704856,-0.08242144129619178,0.06920841070704416,-0.08468919952794637,0.019473085526999192,0.1014626586425122,0.06400006010383583,0.03339880587876319,0.085410273926493,0.059821463868637924,-0.20780953504629318,-0.05690816932224644,0.24106262366497128,0.009091638675893424,-0.02497036291212784,0.014977444819199272,0.02182909186353971,-0.010687227756054164,0.030477313657519968,0.11108499263651722,-0.07228653864059506,-0.02987208650496471,-0.21209046258285244,0.17587104478326476,-0.021115495009554862,0.03363515289024207,0.09730415911300512,-0.05631267309524065,-0.04728071762570686,-0.21108467975365947,0.17532694466999538,0.9617143250066102,-0.023802627899576816,0.20229517147328271,-0.05870692875389685,-0.051811287882894436,-0.03659827228500174,0.09195756413155436,-0.06574690390651455,-0.055981894434237886,-0.02987208650496441,-0.013092529754145127,0.1786591643206318,-0.04750927540131767,-0.03659827228500081,-0.021115495009555372,-0.02111549500955486,0.15946602002192162,-0.02319409884743325,-0.027389814918703067,-0.07982039974919194,-0.042208498577005094,0.026234392590839258,0.09189083868644038,-0.09125866280604551,0.21058053861050868,-0.004389674920699378,0.15555597165127652,-0.03659827228500175,-0.029872086504965385,-0.12377020134257768,-0.014625867690340372,-0.02417163523379774,0.006860146346903435,-0.0824584053158387,0.1527792120905284,0.14394219104178138,0.2067227233702942,-0.19035763970780586,0.045481331924216196,0.03535653519971686
ExterCond,0.040306548977828434,0.38912860209589095,0.12703548746105348,-0.089417217070704,-0.03771709450750754,1.0,0.14484747653827684,0.007053035316696758,0.061461886693738345,0.06948425921859443,-0.02679569256182636,0.062055758809684496,0.05616851467117065,0.003329437768748366,0.01559513750102884,-0.050495068827426826,0.002724432412426192,0.02954792647923624,-0.008540894894148419,0.028443925526233683,0.018651159640166788,0.03144139359149237,0.017975809144238148,-0.005660244339881658,0.02695472615984303,0.0423490180161223,0.052824851907942144,0.0572240092817568,0.012527917537430072,0.026253514039840525,0.09009017852564383,0.015257857381435138,0.02061941513455724,-0.010002295904880614,-0.03366490186330729,0.0783954292458184,-0.03535881068383565,-0.08077350332435619,0.056112767098192184,-0.014859537018938036,0.05531010440495589,-0.04349643265586728,0.006670422558997481,-0.018806089435150775,-0.022361431509932538,-0.012767971437308376,-0.025381209039398698,0.021521389988069038,0.032797435019021014,-0.021434051071851628,-0.012515787920970849,-0.039539478021599836,-0.013689569811009593,-0.04341162524956081,0.043929584544706045,-0.025135657687310315,-0.03857628578008468,-0.004926506888151216,-0.022945821019058864,0.08214496512593826,-0.009451208307895247,-0.048487594238188055,-0.06334532408714315,0.010472270179322814,0.03136903218700056,0.027832042603549788,-0.018806089435150594,0.043736976558240936,-0.003242642389193754,-0.05634751105894363,0.13537815379892223,-0.04656429623286502,0.0427105035992996,-0.04900487781919943,-0.05974484654971892,-0.016472145626983417,-0.014516403287555374,0.04691268983855906,0.003575796816187951,0.04331155196024596,-0.04795148734515509,-0.08933177851959825,-0.03535881068383565,-0.006962110059548873,-0.04767287771937547,-0.01889068767065463,-0.01910462813816425,0.057075804843864035,-0.007216480897827051,0.024340027444330142,-0.013400054018443403,0.011683284593340488,-0.008843909759825151,-0.008843909759825071,-0.061235202046821306,0.0275022287196329,-0.010841220390598321,-0.0026513790332488435,-0.04524035579578759,-0.008843909759825217,0.0800413361155373,-0.04591411302936919,-0.00625143919449704,-0.006251439194497184,0.0038527745186984473,-0.061561446397628505,-0.013997897334424109,0.059695464735638235,-0.04085467997320593,-0.042519127459927135,0.07441338821922733,-0.08217617615802865,-0.07692355959600031,-0.015339214905541815,-0.010835259780071752,0.00908308473395866,0.02638735152375723,-0.07308845478160318,0.043929584544704935,-0.012515787920970932,0.09465844202409522,-0.0907304925793896,-0.05393946262101218,-0.08085877908947527,-0.006251439194497039,0.13596263367148642,-0.04740927195560409,-0.035171016693848256,0.014898290383134461,-0.10175658308600374,0.06835590070048318,0.08794110501768142,0.006690591968524498,0.05725082936854235,-0.09631137669352914,-0.07146590569197045,-0.010835259780071802,-0.008843909759825413,0.07985402012219023,-0.04985797483272022,-0.0001187865980413774,0.02223650298239003,0.05469881527992427,-0.07243508748454973,0.022559834612783745,0.007727300078092856,0.031120076730639764,0.015182281499211234,0.01645918653505241
BsmtCond,0.026359893008321676,0.13250112660237895,-0.18852698493153183,0.026666779339142386,0.104252912768288,0.14484747653827684,1.0,0.2565015860483073,0.29927554401769174,0.24285042592008568,0.38694520098727997,0.8332751396380866,0.17169913805509626,0.09905939526829866,0.001746612937815439,-0.26797671176263976,0.023974862734694506,0.10263763562781182,0.1426256792405633,0.13168889119907246,0.14428544082720587,-0.03886578811848109,0.03686251837323373,-0.03528811386832211,0.02533314704965552,-0.19936443698562048,0.006929646598473267,0.026072339098504437,0.14985353429958204,0.14302117625825017,0.24320827323493233,0.32903227313099137,-7.078151734515462e-05,-0.024125617371780653,0.10093764010265928,-0.0005324018260973063,-0.2384237211225724,0.03466507293970364,0.033604079416611095,0.02989990906847962,-0.056611621294067764,-0.020274541524625957,0.027605841380625364,0.041018170454399094,-0.1075117089449462,0.022261382542895804,-0.0372184011430876,0.02643235657499672,0.03606882737015201,0.0004683855564499196,-0.017544263968807233,-0.023363918424681378,0.037552293819707594,-0.0020050426613928843,0.004378169643640856,0.0005239319972040716,-0.045846480266186,-0.010614045194934732,0.07270850150852579,0.022490893899508136,-0.14186924858912117,0.0447317756041244,-0.059897658582636217,0.012830803519204818,0.00135822898305402,-0.05954006692801668,0.009309937812187896,0.044203574834370644,0.03497680144023783,0.055656102378082994,-0.03077806155592623,-0.022658938398414832,0.004686122226861622,-0.05136330005467155,0.06120227148428009,0.044299571359962764,0.027118861762634363,0.02465015254332679,0.013579994755239235,-0.0993871272537713,0.06554629478824593,-0.06867001157863328,-0.2384237211225724,0.02059315734175843,0.06678540035228873,-0.05624214349230569,0.07487899574729366,0.047005676405020486,0.001151105185094143,0.010299643905548857,-0.007960457113418331,-0.009759542425710544,0.004378169643640848,0.004378169643640858,-0.025041821947064603,0.009816928872779587,0.030887450996313622,0.02218430228396359,-0.1107866347003076,0.004378169643640851,-0.07423204905156784,0.10045135579572889,0.003094769401056713,0.0030947694010566348,0.010798131807945288,-0.07473637659642458,-0.12051749589471047,-0.07914633424424947,0.11048011423625066,0.11050017671318609,0.02848745459441873,0.17504884583674238,-0.6873899690351808,0.007593664666481172,0.00536398569618729,0.17724131875087998,-0.054266103081582244,-0.009759542425710602,-0.02917243562552275,-0.27868639382422916,0.275739655294293,-0.1772012587710101,-0.07684615297379965,-0.09176805687133209,0.0030947694010567137,0.22000436280073676,-0.056793924648117104,-0.0600618723742864,-0.08048554891189662,-0.1356289558305014,0.003094769401056643,0.15464548510136397,-0.01786721073152997,0.1860321704636616,-0.07402160304504816,0.09412090727715898,0.005363985696187415,0.0043781696436408606,-0.049029848350159375,-0.0412844575920275,-0.08544890686275221,0.013931490038286979,-0.048412648772233405,0.09394516783644863,0.12773989556045834,0.15034233218870735,-0.03703253316983934,-0.013995536462920947,0.03473252734404069
BsmtExposure,0.20146850348601844,-0.0556124273836638,-0.2836157796504118,0.09095558481798462,0.18411721943894274,0.007053035316696758,0.2565015860483073,1.0,0.34406963747415487,0.1285599924381452,-0.03308064812591409,0.3181283177255793,0.14697976182269368,0.09554526413303588,-0.1204961294931309,-0.12150203356816308,0.012389861105915943,0.17696164296237343,0.24796911236524433,0.31162880331187354,0.11426013574121076,-0.10962105479098451,0.03973388745147357,-0.03970962679626525,0.023833875373662786,-0.22372990781215474,0.009707030297435427,-0.06857557275579881,-0.0062151700676100485,0.30615096493734845,0.24942980605503692,0.32023610751237586,0.0326619306002511,-0.09353300205908907,-0.004986462830137818,-0.07954494381453915,-0.02600153295166143,0.044869989004508795,0.26212701358588647,0.12634300025505021,-0.11104729979606981,-0.0019030651864089265,0.06019155786832577,0.03613529719436914,-0.17793439525052518,0.15898071512168438,0.22698334273943496,-0.16999453198209322,0.10867923680385584,0.017034283382718066,0.030910043304432,-0.030517032150432048,0.19225735691236046,0.17787760568425645,-0.021793712971773273,-0.061940852391152414,-0.08663594038102446,0.16719233241500778,0.15173685464273173,-0.04163162553511869,-0.04949286127682703,-0.009476555527765643,-0.03737882019138485,0.03241618531225422,0.05881983319987555,-0.07416765789347506,-0.04634313628266701,-0.07575943265991483,0.030636665485539977,0.13554996387080287,-0.146289826084981,-0.057763982744835754,-0.05650782981113525,-0.042077499719041254,-0.029315821317119604,0.09650115690198917,0.1633102369455243,0.09804261458133301,-0.028207205423174522,-0.10481391548087599,0.10111167557266848,0.0028942490098420345,-0.02600153295166143,-0.049050169692821256,0.07177871757895081,0.025533072420270867,-0.10037572150454585,0.3249982652698802,-0.07796598316477449,-0.028872860347652976,0.051164259361264605,-0.022151150897802785,0.03056873931684447,0.03056873931684214,-0.15747490406962517,0.06854260205286139,0.05135731028755175,0.03338943734208437,-0.054819650683952566,0.013114588553971672,-0.14691394831641058,0.12819308750098463,-0.015405185620986887,0.05862105287457939,0.031435796129235444,-0.04333849226610043,-0.05659525013915186,-0.14872335912459161,0.14578314396334058,0.18259849690790936,-0.05451837745072507,0.19991344022268465,-0.19792461370665124,-0.007526702456948754,0.0018113936583007881,0.07926981547294389,-0.024791569250811146,-0.04084258857221702,-0.021793712971773526,-0.08024396532929089,0.12907373685716808,-0.08556441719558636,-0.04095707931173978,-0.015405185620985588,-0.0154051856209869,0.1601732108170197,-0.03449448999362205,-0.04188817987782994,-0.013812055181833698,-0.03434500365409083,-0.015405185620985945,0.07011529487255143,-0.03517394415642793,0.11264112269498765,0.0007863672570190301,0.14593877368772407,0.030323708971657544,0.04802289007971468,-0.08936928677261953,-0.0061412929068074005,0.03223509109066419,0.0028532769574674713,-0.08334341592148288,0.14693000642143672,0.31204168187683146,0.12154588269181034,-0.11057907349811612,8.368905442170142e-05,0.037193992046453295
BsmtFinType1,0.03593926231967051,-0.013572590179689484,-0.20418422084408194,0.15159552365838272,0.22667488052770346,0.061461886693738345,0.29927554401769174,0.34406963747415487,1.0,0.09908503262454971,-0.12237281723322792,0.33634697717741774,0.15324948460950735,0.03427661363804421,-0.14387654582311446,-0.1636314797097876,-0.06929299818066761,0.13539997664287248,0.1905803262814366,0.17965546371075813,0.13497251149436182,-0.17071393451134073,0.026499345998293556,0.0016896215145637303,-0.03277557048436052,-0.16984809881880336,0.018420216207519623,-0.031412360869739996,0.05668010038065525,0.45839922299778707,0.7558311083954293,0.26811830045051155,0.1230761382854899,-0.12456996099239233,0.03288273486153599,-0.13838867286686848,-0.08441477693137535,0.12156355024972439,0.09985718393278345,0.17275499718800938,-0.1919431797097304,-0.06472522438927565,0.029363471992968636,-0.011868189872745622,-0.12175840345545141,0.017984865403904326,0.047443086368606315,0.03599692473141551,0.05748783694984086,0.05841794987660501,0.030177070306863472,0.0038974157827025282,0.050461816767975155,0.020770124782293852,-0.0006894229321249831,-0.01760057195998897,-0.14719327477588343,0.025892622866755196,0.11385475617137367,-0.03103623398691816,-0.07527986289421666,-0.08291374325610434,-0.11179610569406023,0.029856294528074357,0.07338797873791433,0.006037407528067443,0.04222309303390712,0.05176926779074751,0.12517749113788126,0.09542399884586823,-0.21443058460851713,-0.06898361515957567,0.016485828134431824,0.07143333579470063,0.010559393106702192,0.08666358691208965,0.056277840385026624,0.03039126046156243,-0.008996431060758526,-0.10942316351164419,0.08729293767457695,-0.04227742108575607,-0.08441477693137535,0.032394618856077216,0.14268742244319021,0.11060632895319651,-0.0645442556066622,0.15205547351280693,-0.05033839981454622,-0.056232497333721876,0.0679258673038896,-0.05551133697365814,0.04333688361058784,0.008115838376417567,-0.015522670703586334,0.006351566057139322,0.0799419268057429,0.1330484961296726,-0.10755750644384811,0.025726360993503148,-0.19622495987942498,0.08576881632686517,0.01818503193883155,0.030633271949615015,0.11575454301941866,-0.08474283142492568,-0.04847606680594714,-0.15942799859663087,0.0897172854565672,0.2271928228349277,0.02708598758048411,0.17753300133634853,-0.21755663318834437,-0.05210303331910886,0.02432712996065076,0.10955694815977386,-0.043398932449389915,-0.06965550776645776,-0.018299945549209905,-0.0882033144023073,0.21289480266524596,-0.114962435055437,-0.06197614205406637,-0.03160792810430646,-0.031607928104306585,0.20986760309581945,-0.0484760668059468,-0.03098151234335118,-0.06981840468733931,-0.061645961284403424,-0.019159688093521164,0.11336311507983342,-0.10370792352845329,0.2546086748217477,-0.03231082885142207,-0.010314664932638102,0.0027513119569711236,0.04333688361058841,0.035890571079343625,-0.013436755638620127,-0.023337522951287958,-0.05542920623280214,0.05085994969576335,-0.008578292076790414,0.16733608055397084,0.13743655986439643,-0.17627488289106857,0.059064958243838166,0.025844212913491024
BsmtFinType2,0.061989907381740025,0.10149454169926186,0.11793506746938866,0.010885234866609276,-0.04815777730452789,0.06948425921859443,0.24285042592008568,0.1285599924381452,0.09908503262454971,1.0,-0.12016752877329118,0.2290768870670194,-0.026906838778392745,-0.022112739271496377,-0.01994839813933841,-0.0901628142580749,-0.03852934533624851,0.054149874716875684,-0.022634133802433218,0.05929221510373902,-0.033816129809920416,0.04385967995236048,0.05079348955394411,0.02061759746210387,-0.02160058325515698,0.07322914257229703,0.023138796088721332,0.15136383051571253,0.0289703525328162,0.053134410410871864,0.479095083449163,-0.008291540377607582,0.06394224838535277,-0.03558798261972614,-0.032101038682194605,-0.04207634620288181,-0.06999872341231075,-0.00024772754267696244,0.07055790184572154,0.05945405111389015,-0.02725638190156864,-0.02308521462080941,0.08754990445021815,-0.0022708332344926166,-0.0468786185963376,-0.027012789365831198,0.025127097518540305,0.013903057544328946,0.05223623584655132,-0.015894117740744073,-0.014570174410057762,-0.013015745963545053,0.007014818285091486,0.10444532495647124,0.09351581697578797,-0.02926151503430133,-0.03295143248360445,0.07311315873589214,-0.03336803002331373,-0.011062699853180835,-0.03160570227628901,-0.06988589591657826,-0.0155079634877863,0.08436221571324967,-0.026220100792820205,0.10257027056060354,-0.002270833234492043,0.0665995031426199,-0.01747747970985644,-0.05528879411169071,-0.034538003152998674,-0.018933341912736254,0.04779843374828808,0.0326478607369007,-0.06955158075769491,-0.0011749486392055937,0.012435842573262804,0.07346616997433202,0.04083418884821606,0.0007162061782926018,-0.031200601952652753,-0.024963067626391115,-0.06999872341231075,-0.0030042207364227836,0.016416049499563903,0.01998702514355526,-0.06459652140361426,0.08950924198942838,-0.040388359465706666,-0.015339760687873995,0.011335214982764758,0.036290709807671157,0.031228978221557582,-0.010295580947928559,-0.05465341670057803,0.004847255590740217,0.011037273405772619,0.08904464934982942,-0.046480943603869215,0.11427809656052998,0.011856367632079659,-0.09957087289703564,0.05142683807683593,-0.007277572930512715,0.09324946205624325,-0.029001748076468086,0.02313879608872198,0.017690689565232755,-0.10333450001040513,-0.051692062724886266,0.20442213924420327,-0.12144419621723979,-0.18088389461740237,-0.017857048864870627,-0.012613798329820557,0.04685882620677173,-0.00322147720040905,-0.019294471635596194,-0.010295580947928871,-0.07333519917749451,0.0857966034466314,-0.06095781187533323,-0.02957196118136471,-0.00727757293051277,-0.007277572930512623,0.05262291385684488,0.009994009859623057,0.09223127243055612,0.002902683583524419,0.002139225412890075,0.05142683807683601,-0.0857599599739723,-0.04567735860681004,0.09158537285011976,0.0019592406025488677,-0.08319657674608286,-0.012613798329820763,-0.010295580947929041,0.05829755142352733,-0.029261430601918617,-0.05082248472964702,-0.019547640255868234,0.05673826525948753,-0.07602966264933807,0.05493343559733848,-0.04227258705173229,0.03829967304804284,-0.01178018392756874,0.04895569143132647
BsmtUnfSF,0.04523987320892872,-0.03067737891216366,-0.20290235189001551,-0.06663334645251644,0.09075412164393165,-0.02679569256182636,0.38694520098727997,-0.03308064812591409,-0.12237281723322792,-0.12016752877329118,1.0,0.5243583459155178,0.207654746385993,0.22352827329630134,0.14586303344858217,-0.10692642585033461,0.19638046582180446,0.10746826143662487,0.14582957027151408,0.013158116731946362,0.18193470069597206,0.0014545109889220343,0.01314398814658156,-0.03044334730412363,0.026569924874435873,-0.20903622384273915,-0.03469299310218939,-0.10415557724115616,0.04658631224398117,-0.04940071742258964,-0.29778710083154986,0.3001864219993374,0.0510874467824966,0.03328287823974718,0.08414600919567677,0.05550211977246661,-0.22860896495609132,-0.046027633210350576,-0.1258368429672581,0.0017906457865272233,-0.04105173052397781,-0.00023132980586639793,-0.008653590996102457,0.009409920666415359,-0.036688750175944564,0.018690824876037005,-0.10299721254752127,0.06344330459941303,-0.03449421590673173,-0.0011008165760306187,0.014572616870665014,0.008025760536051831,-0.09465211250615319,-0.05979981098888366,-0.02489363140708041,-0.016670234723456405,-0.013322388088595217,-0.02654679723992395,0.08462936153434564,0.013597072771769842,-0.1169953946072203,0.058358153224249955,0.00984555644313777,-0.10085943846480773,-0.06282522560634371,-0.0663253102450252,-0.012829659165853104,0.004354974686766367,0.050096228236538046,0.10900387851375659,0.030292196417131566,0.02029239214748203,-0.07136315923638582,-0.09246202611460258,0.10567266128490319,0.026215395586670544,-0.007215250659670014,-0.03655263649866014,-0.01816217004147309,-0.06493259278385258,0.05275118373350671,-0.03786103979971043,-0.22860896495609132,-0.01904829809051223,-0.025142819776672286,0.02634351353138525,0.0948821799668657,-0.23856571042622665,0.0032242008752495794,0.015433766483071293,0.01749123963551912,-0.004748244166803822,-0.004934014972518063,-0.04726421998274259,0.06626815404349815,-0.005565942617033001,0.0009162715854181727,-0.13332564263282504,-0.015224239579634572,-0.05847280133715586,-0.042157548659710345,0.18644327876888783,0.005599308639234372,0.004626838767422837,-0.14771633775468213,-0.0043925786883766875,-0.05875183714915916,-0.03570577594927074,0.18523570776083587,0.09831524719328034,-0.14981093596458697,0.2148518800629168,-0.3939811128041836,0.030480317797086338,-0.06428264500221409,0.06789358450430953,-0.013696498448049687,0.02480867244380441,0.007943928121053235,-0.1597305467177089,0.08306368699720863,-0.0753093047620598,-0.028466168573719496,0.017276053841853222,0.004336237938278222,0.014942546396451584,0.0265076479131421,-0.10216762305874365,-0.06699661468245244,-0.036242102073141054,-0.013110660913782206,0.09681894937183001,0.039526076179338544,0.004909317541410041,-0.017310846240831585,0.14717503150658948,-0.028891592433714478,-0.0008041410837052813,-0.10547354349475968,-0.07069906374780989,-0.12992195662516662,-0.012707132366216603,-0.07511321229524275,0.1474107431423979,0.016705230305022547,0.17990120161445533,0.004201611571516841,0.003906606034600004,0.012165601599317497
TotalBsmtSF,0.11843267120124551,0.009925775158535554,-0.215179762213263,0.011170861322362504,0.18176385457076613,0.062055758809684496,0.8332751396380866,0.3181283177255793,0.33634697717741774,0.2290768870670194,0.5243583459155178,1.0,0.19388466438931634,0.1988085802633882,0.02541487760046045,-0.2544863415557529,0.09350933375895745,0.17361653163621787,0.20802624594276298,0.14917344094480525,0.18033445368507434,-0.041022974623544435,0.07088960917981005,-0.056937573295637235,0.017698218077940902,-0.22382329739435117,0.012485952823729695,-0.011000977671863747,0.08503122581561925,0.21404993922003204,0.2903645126789549,0.4136936003923189,0.10998817135412217,-0.02448301698356789,0.046863532088277246,-0.01877400143876677,-0.2564504977611209,0.00456221653995608,-0.014698967422248932,0.07170185960747828,-0.08851092518707852,-0.00985254633041471,0.013221831737577044,0.019555258777902193,-0.1227156700129855,0.043216861977717715,-0.0021562969059777948,0.0062283237991535125,0.034813591688344525,-0.0022386035456973554,0.008880658991658383,-0.022821589174563242,0.013361605858323179,0.02864761868767695,-0.00951351091305635,-0.035978944680800005,-0.07751420314132587,0.01482267040938015,0.08034448219619215,0.022588126249164387,-0.16773018966682504,-0.020704253413103516,-0.04378691830871869,-0.02973363301364436,-0.003829737069994171,-0.043223443443479545,0.005959977525770283,0.0506845080432629,0.07113177587962673,0.12319179940679886,-0.04870527649984309,-0.0049842030408880685,-0.01243533874086307,-0.04544033290792723,0.04909977757207346,0.06484291187663058,0.05906490220816524,0.030500195652972715,-0.0030700488634208545,-0.08693528264390754,0.05973130737478606,-0.05468303708344398,-0.2564504977611209,-0.025346274704348675,0.04756434386722659,0.06293212880539828,-0.011240263049335134,-0.019619226727824658,-0.06485385286821713,-0.010625991316209213,0.07398743408548676,-0.002991112994828773,0.014875235035325627,0.002999824657362176,-0.004887467062164403,0.03345819927680837,0.04730613370401658,-0.0029283193820129954,-0.11475890093383319,0.013636263343353088,-0.08175004896799153,0.11932235482753271,-0.00028156987877041675,0.017337930391432974,-0.013760428347308376,-0.08003015426490735,-0.12655107779190444,-0.07344040018957104,0.1264803750048092,0.18500704220199227,0.025196566902384317,0.1934761872299662,-0.7631246723444928,-0.009890202372588525,-0.0016901245374190753,0.1608446807273615,-0.015537478627495828,-0.020300266900897843,-0.005883172911347436,-0.3093912808656432,0.24470021036172324,-0.18288493552857854,-0.08983424797094572,0.00279735791952307,-0.018178200857074917,0.18616137875839003,-0.001260132313764229,-0.06846070780167317,-0.0713488600591946,-0.08869319524589087,0.004183151758877077,0.11217842862569775,-0.031156369818157125,0.18084529765139518,-0.029420064349062053,0.11534163293917163,0.008966883944036254,0.009488911525384228,-0.08962122011390775,-0.08042395636726106,-0.12240526427852723,0.023600438420788815,-0.058585199638000615,0.11635932410634614,0.14236355005539347,0.17819351131638728,-0.04109233309534639,0.0028720989234807866,0.06996940913137147
